0 1 0.6765988024596381
0 2 0.6606753760830218
0 3 0.6185974204329915
0 4 0.6596876623825322
0 5 0.7099064114651609
0 6 0.6528300820717788
0 7 0.6388639724416346
0 8 0.6288123798542243
0 9 0.6539738113463639
0 10 0.512938539197612
0 11 0.4768246818062449
0 12 0.5377617391754423
0 13 0.5892138813980382
0 14 0.37711814682290656
0 15 0.4550030382573778
0 16 0.5934741822469929
0 17 0.40240522702951453
0 18 0.3572639012271896
0 19 0.44358834566398153
0 20 0.4871988428444533
0 21 0.5734923269354681
0 22 0.5174762988222904
0 23 0.6428785819641126
0 24 0.4771417162586751
0 25 0.49223764573983436
0 26 0.5005521989323701
0 27 0.4984706168822082
0 28 0.6039591661848821
0 29 0.47755860888083806
1 0 0.6765988024596381
1 2 0.6282977727659889
1 3 0.5712629044960653
1 4 0.7209593335690999
1 5 0.5551049062135601
1 6 0.5952144667562717
1 7 0.5482060796738978
1 8 0.4922067898125311
1 9 0.4844793076633861
1 10 0.3844020327748848
1 11 0.34405927513955303
1 12 0.43422685885851764
1 13 0.4729643001071656
1 14 0.25918994088783326
1 15 0.34751989898235663
1 16 0.45834159109320477
1 17 0.22151374821914097
1 18 0.227378395792062
1 19 0.3332142473983201
1 20 0.4422282438140299
1 21 0.48442663303149697
1 22 0.5012786503036538
1 23 0.5469886622376517
1 24 0.32746989038791835
1 25 0.35308367319673045
1 26 0.3337915790267417
1 27 0.3685229573992387
1 28 0.5118124416279307
1 29 0.382047398185013
2 0 0.6606753760830218
2 1 0.6282977727659889
2 3 0.58714677984105
2 4 0.7471833447650217
2 5 0.8099883070738721
2 6 0.5685514871104174
2 7 0.6342563403462261
2 8 0.6615390773272279
2 9 0.7353526084019727
2 10 0.7062962837396467
2 11 0.5992185591183681
2 12 0.6824532458678574
2 13 0.6029713424241128
2 14 0.39639433774406063
2 15 0.4092064582054329
2 16 0.5775631994810462
2 17 0.43521471065396145
2 18 0.3452949187946831
2 19 0.4562465852766518
2 20 0.32819308209828346
2 21 0.5007137735166635
2 22 0.4354190798330084
2 23 0.597263860585984
2 24 0.596490392714519
2 25 0.5413631343973541
2 26 0.5655338022133196
2 27 0.5143550451923229
2 28 0.6869932494883854
2 29 0.4962951501184971
3 0 0.6185974204329915
3 1 0.5712629044960653
3 2 0.58714677984105
3 4 0.6475643285672807
3 5 0.7068792252988666
3 6 0.7477441597830943
3 7 0.6723623581187944
3 8 0.7154393500297689
3 9 0.7325410100860082
3 10 0.6229450217287527
3 11 0.5389221174013692
3 12 0.614373359317754
3 13 0.7045064615321499
3 14 0.40405324834287226
3 15 0.4794913475035375
3 16 0.7074081041759525
3 17 0.48439183699946453
3 18 0.37663061689175964
3 19 0.5003256252607625
3 20 0.420787884824901
3 21 0.5912524193438469
3 22 0.5866091227390818
3 23 0.7078380691389143
3 24 0.5682579811440734
3 25 0.6102657681741895
3 26 0.6077609546463321
3 27 0.6325299776128517
3 28 0.7583221320215551
3 29 0.6050590203492249
4 0 0.6596876623825322
4 1 0.7209593335690999
4 2 0.7471833447650217
4 3 0.6475643285672807
4 5 0.6982487096147565
4 6 0.6962095416422521
4 7 0.6842129191191159
4 8 0.6395986463510248
4 9 0.6542624024985608
4 10 0.5418954186160709
4 11 0.481989772354802
4 12 0.5587110109444416
4 13 0.5998134877880972
4 14 0.3396250029929538
4 15 0.41272828101667397
4 16 0.5838539500108708
4 17 0.3516493431831369
4 18 0.2746614253003509
4 19 0.387026936915409
4 20 0.43091770935190404
4 21 0.5454663648624015
4 22 0.5550621353854496
4 23 0.6218969074033379
4 24 0.4769168036112639
4 25 0.48617526432336017
4 26 0.4877750355708478
4 27 0.4980659088615654
4 28 0.6638303882597771
4 29 0.4877747543359625
5 0 0.7099064114651609
5 1 0.5551049062135601
5 2 0.8099883070738721
5 3 0.7068792252988666
5 4 0.6982487096147565
5 6 0.6527987026818307
5 7 0.7561089775222692
5 8 0.8259170598756491
5 9 0.9006726220298198
5 10 0.8283190058873133
5 11 0.6992006471815163
5 12 0.8099978532453342
5 13 0.7507256795498282
5 14 0.5275591347881569
5 15 0.5486333706426186
5 16 0.7481960715727871
5 17 0.6358371837221087
5 18 0.4974687070313352
5 19 0.5553268306552402
5 20 0.3479289041799867
5 21 0.5744894816624295
5 22 0.5143757064006512
5 23 0.712039851839499
5 24 0.7616555904899482
5 25 0.7084970866222386
5 26 0.7297238638353857
5 27 0.6659433090417658
5 28 0.8120457273012487
5 29 0.6044605105023046
6 0 0.6528300820717788
6 1 0.5952144667562717
6 2 0.5685514871104174
6 3 0.7477441597830943
6 4 0.6962095416422521
6 5 0.6527987026818307
6 7 0.7723773397953372
6 8 0.7012373766696687
6 9 0.7033708228941042
6 10 0.5074592191299534
6 11 0.49469364861560117
6 12 0.5472313668674417
6 13 0.702069149308963
6 14 0.39782041896891746
6 15 0.5275811903555583
6 16 0.6667384687433929
6 17 0.42262986079008
6 18 0.3692781422095944
6 19 0.4613270496669539
6 20 0.5415320075927764
6 21 0.6687830587738777
6 22 0.7104922798347925
6 23 0.7307857034009927
6 24 0.5292021472032981
6 25 0.5978686983017697
6 26 0.5859402219141654
6 27 0.6229163499737436
6 28 0.7138790301326663
6 29 0.5943678749895387
7 0 0.6388639724416346
7 1 0.5482060796738978
7 2 0.6342563403462261
7 3 0.6723623581187944
7 4 0.6842129191191159
7 5 0.7561089775222692
7 6 0.7723773397953372
7 8 0.8015403859914344
7 9 0.7639742820802078
7 10 0.6008432277233516
7 11 0.5281846119596906
7 12 0.6419805496362821
7 13 0.7049272866182072
7 14 0.5459590136018255
7 15 0.664784627842257
7 16 0.673634432181486
7 17 0.5705021251403306
7 18 0.5398706816443299
7 19 0.5105646960488546
7 20 0.5259553315683979
7 21 0.6619256618255451
7 22 0.7122954833836073
7 23 0.7267555162541003
7 24 0.6026741990246074
7 25 0.6014682338750432
7 26 0.6118705220760661
7 27 0.6041676382940898
7 28 0.7111789657060507
7 29 0.5624185782568002
8 0 0.6288123798542243
8 1 0.4922067898125311
8 2 0.6615390773272279
8 3 0.7154393500297689
8 4 0.6395986463510248
8 5 0.8259170598756491
8 6 0.7012373766696687
8 7 0.8015403859914344
8 9 0.8493273499664865
8 10 0.6871150948835174
8 11 0.6253566522909378
8 12 0.7198861541649325
8 13 0.8430576854471906
8 14 0.618182550446165
8 15 0.6754132573709014
8 16 0.8402229980051794
8 17 0.6968021329686842
8 18 0.5720488572779767
8 19 0.6031982306730304
8 20 0.435051022764253
8 21 0.6515043732530348
8 22 0.6430804871211613
8 23 0.7762185607137743
8 24 0.7320360501656634
8 25 0.7350399742258925
8 26 0.7638617379914445
8 27 0.7780802792611295
8 28 0.8158495812466072
8 29 0.6667446166095318
9 0 0.6539738113463639
9 1 0.4844793076633861
9 2 0.7353526084019727
9 3 0.7325410100860082
9 4 0.6542624024985608
9 5 0.9006726220298198
9 6 0.7033708228941042
9 7 0.7639742820802078
9 8 0.8493273499664865
9 10 0.8483735989512965
9 11 0.7739064105304044
9 12 0.8328339122186095
9 13 0.7750524199454074
9 14 0.5475883479801723
9 15 0.5966397477074223
9 16 0.7694460918591967
9 17 0.6419225373072511
9 18 0.4957901195445185
9 19 0.5672093930597714
9 20 0.35908481557087196
9 21 0.6153602363327612
9 22 0.5398410180318455
9 23 0.7307764266041318
9 24 0.8180672335227028
9 25 0.7879070480822359
9 26 0.8032542981961132
9 27 0.7170721041387914
9 28 0.8331618762957885
9 29 0.6530104717011656
10 0 0.512938539197612
10 1 0.3844020327748848
10 2 0.7062962837396467
10 3 0.6229450217287527
10 4 0.5418954186160709
10 5 0.8283190058873133
10 6 0.5074592191299534
10 7 0.6008432277233516
10 8 0.6871150948835174
10 9 0.8483735989512965
10 11 0.6753025613057039
10 12 0.8073675714478329
10 13 0.599473639493924
10 14 0.48367929163621637
10 15 0.48880481336967124
10 16 0.5841141571601371
10 17 0.5752249860382549
10 18 0.4512131442528845
10 19 0.4758224139909317
10 20 0.22586729131668226
10 21 0.4660081217917649
10 22 0.35944603296163796
10 23 0.577041754605809
10 24 0.7378978190203586
10 25 0.6395617543731927
10 26 0.6546123632846242
10 27 0.5583655828196522
10 28 0.6951976932918237
10 29 0.49492155716979463
11 0 0.4768246818062449
11 1 0.34405927513955303
11 2 0.5992185591183681
11 3 0.5389221174013692
11 4 0.481989772354802
11 5 0.6992006471815163
11 6 0.49469364861560117
11 7 0.5281846119596906
11 8 0.6253566522909378
11 9 0.7739064105304044
11 10 0.6753025613057039
11 12 0.6304697421353576
11 13 0.5851786709704228
11 14 0.3862395440562843
11 15 0.3990441066634468
11 16 0.5646949981106518
11 17 0.48217199654691356
11 18 0.3209602974269757
11 19 0.44952231219255673
11 20 0.20428694862333205
11 21 0.46246374278219315
11 22 0.34480256439417495
11 23 0.5226545290447332
11 24 0.6824440219932266
11 25 0.6464602893843765
11 26 0.6918619599604248
11 27 0.5401749775027958
11 28 0.6520619402352911
11 29 0.5002828941544267
12 0 0.5377617391754423
12 1 0.43422685885851764
12 2 0.6824532458678574
12 3 0.614373359317754
12 4 0.5587110109444416
12 5 0.8099978532453342
12 6 0.5472313668674417
12 7 0.6419805496362821
12 8 0.7198861541649325
12 9 0.8328339122186095
12 10 0.8073675714478329
12 11 0.6304697421353576
12 13 0.6584696915192054
12 14 0.5150007149763792
12 15 0.5773069424565996
12 16 0.6332172749060372
12 17 0.5561728024350909
12 18 0.4964824818967993
12 19 0.48348155803211473
12 20 0.33434932366341813
12 21 0.5483402713770661
12 22 0.4510743166918541
12 23 0.6421991955430691
12 24 0.7297651943277734
12 25 0.6676644984824477
12 26 0.6614385463727054
12 27 0.6007791962543502
12 28 0.7098281003858414
12 29 0.5248094008332984
13 0 0.5892138813980382
13 1 0.4729643001071656
13 2 0.6029713424241128
13 3 0.7045064615321499
13 4 0.5998134877880972
13 5 0.7507256795498282
13 6 0.702069149308963
13 7 0.7049272866182072
13 8 0.8430576854471906
13 9 0.7750524199454074
13 10 0.599473639493924
13 11 0.5851786709704228
13 12 0.6584696915192054
13 14 0.5856757464092877
13 15 0.5901537480732312
13 16 0.8387989516719222
13 17 0.6245024007720643
13 18 0.5211705841134051
13 19 0.5967993485739682
13 20 0.40401992067017856
13 21 0.6485793799768602
13 22 0.6376929390224627
13 23 0.7938868668081287
13 24 0.6590109008370764
13 25 0.6975297612628231
13 26 0.7264607596722632
13 27 0.7913538870946765
13 28 0.8089695935151558
13 29 0.6831028710681942
14 0 0.37711814682290656
14 1 0.25918994088783326
14 2 0.39639433774406063
14 3 0.40405324834287226
14 4 0.3396250029929538
14 5 0.5275591347881569
14 6 0.39782041896891746
14 7 0.5459590136018255
14 8 0.618182550446165
14 9 0.5475883479801723
14 10 0.48367929163621637
14 11 0.3862395440562843
14 12 0.5150007149763792
14 13 0.5856757464092877
14 15 0.6048532147243689
14 16 0.49831334732738525
14 17 0.6134868073558727
14 18 0.6757129902605252
14 19 0.42068413216929723
14 20 0.3668204502748768
14 21 0.5025874135578743
14 22 0.43277114152491736
14 23 0.6266450536178587
14 24 0.5168948179273589
14 25 0.4536558698455926
14 26 0.49992029095090107
14 27 0.5212647064755459
14 28 0.4583549679431515
14 29 0.41571310395131467
15 0 0.4550030382573778
15 1 0.34751989898235663
15 2 0.4092064582054329
15 3 0.4794913475035375
15 4 0.41272828101667397
15 5 0.5486333706426186
15 6 0.5275811903555583
15 7 0.664784627842257
15 8 0.6754132573709014
15 9 0.5966397477074223
15 10 0.48880481336967124
15 11 0.3990441066634468
15 12 0.5773069424565996
15 13 0.5901537480732312
15 14 0.6048532147243689
15 16 0.5479519179092359
15 17 0.5829711067584328
15 18 0.6870091925719268
15 19 0.4278498965829092
15 20 0.5172753226289579
15 21 0.6457410757192587
15 22 0.5850034264362265
15 23 0.6304706318824944
15 24 0.561849761403776
15 25 0.5110573122871879
15 26 0.5106371288165135
15 27 0.5105025715258263
15 28 0.49037616741157325
15 29 0.4379646770571596
16 0 0.5934741822469929
16 1 0.45834159109320477
16 2 0.5775631994810462
16 3 0.7074081041759525
16 4 0.5838539500108708
16 5 0.7481960715727871
16 6 0.6667384687433929
16 7 0.673634432181486
16 8 0.8402229980051794
16 9 0.7694460918591967
16 10 0.5841141571601371
16 11 0.5646949981106518
16 12 0.6332172749060372
16 13 0.8387989516719222
16 14 0.49831334732738525
16 15 0.5479519179092359
16 17 0.6265144825016926
16 18 0.449347810534162
16 19 0.5606554305094565
16 20 0.36618565010442045
16 21 0.5810627335896901
16 22 0.5841918298971488
16 23 0.7375886496807048
16 24 0.6215627329533928
16 25 0.6734087531668571
16 26 0.6908440093340137
16 27 0.7384918809020636
16 28 0.8085792375290339
16 29 0.6596807146075889
17 0 0.40240522702951453
17 1 0.22151374821914097
17 2 0.43521471065396145
17 3 0.48439183699946453
17 4 0.3516493431831369
17 5 0.6358371837221087
17 6 0.42262986079008
17 7 0.5705021251403306
17 8 0.6968021329686842
17 9 0.6419225373072511
17 10 0.5752249860382549
17 11 0.48217199654691356
17 12 0.5561728024350909
17 13 0.6245024007720643
17 14 0.6134868073558727
17 15 0.5829711067584328
17 16 0.6265144825016926
17 18 0.6584269297253561
17 19 0.48955544515481947
17 20 0.2854352851412083
17 21 0.46948648980175034
17 22 0.384896228383243
17 23 0.5837513482369701
17 24 0.5984244792849425
17 25 0.5429219339940473
17 26 0.6081638370767379
17 27 0.569529681541782
17 28 0.5586022253193639
17 29 0.45667165161487316
18 0 0.3572639012271896
18 1 0.227378395792062
18 2 0.3452949187946831
18 3 0.37663061689175964
18 4 0.2746614253003509
18 5 0.4974687070313352
18 6 0.3692781422095944
18 7 0.5398706816443299
18 8 0.5720488572779767
18 9 0.4957901195445185
18 10 0.4512131442528845
18 11 0.3209602974269757
18 12 0.4964824818967993
18 13 0.5211705841134051
18 14 0.6757129902605252
18 15 0.6870091925719268
18 16 0.449347810534162
18 17 0.6584269297253561
18 19 0.4450410116224145
18 20 0.42435911104423724
18 21 0.5327701811932573
18 22 0.4095045563165962
18 23 0.5609597534080076
18 24 0.48346012448660725
18 25 0.41433838572712367
18 26 0.43605769974716985
18 27 0.43316314534836503
18 28 0.3823730167793009
18 29 0.3446432932041084
19 0 0.44358834566398153
19 1 0.3332142473983201
19 2 0.4562465852766518
19 3 0.5003256252607625
19 4 0.387026936915409
19 5 0.5553268306552402
19 6 0.4613270496669539
19 7 0.5105646960488546
19 8 0.6031982306730304
19 9 0.5672093930597714
19 10 0.4758224139909317
19 11 0.44952231219255673
19 12 0.48348155803211473
19 13 0.5967993485739682
19 14 0.42068413216929723
19 15 0.4278498965829092
19 16 0.5606554305094565
19 17 0.48955544515481947
19 18 0.4450410116224145
19 20 0.2579523677696712
19 21 0.4153182994672877
19 22 0.3979403777851572
19 23 0.5454026754259659
19 24 0.4771384368229558
19 25 0.4875948986004537
19 26 0.5108111885236553
19 27 0.5240772252610038
19 28 0.5389956174766402
19 29 0.43964765606128364
20 0 0.4871988428444533
20 1 0.4422282438140299
20 2 0.32819308209828346
20 3 0.420787884824901
20 4 0.43091770935190404
20 5 0.3479289041799867
20 6 0.5415320075927764
20 7 0.5259553315683979
20 8 0.435051022764253
20 9 0.35908481557087196
20 10 0.22586729131668226
20 11 0.20428694862333205
20 12 0.33434932366341813
20 13 0.40401992067017856
20 14 0.3668204502748768
20 15 0.5172753226289579
20 16 0.36618565010442045
20 17 0.2854352851412083
20 18 0.42435911104423724
20 19 0.2579523677696712
20 21 0.74867543095073
20 22 0.6382102538911236
20 23 0.5445857638806304
20 24 0.28480653336507594
20 25 0.29789896609983013
20 26 0.30139592469949245
20 27 0.352480427796872
20 28 0.3486148971664992
20 29 0.38473778033894274
21 0 0.5734923269354681
21 1 0.48442663303149697
21 2 0.5007137735166635
21 3 0.5912524193438469
21 4 0.5454663648624015
21 5 0.5744894816624295
21 6 0.6687830587738777
21 7 0.6619256618255451
21 8 0.6515043732530348
21 9 0.6153602363327612
21 10 0.4660081217917649
21 11 0.46246374278219315
21 12 0.5483402713770661
21 13 0.6485793799768602
21 14 0.5025874135578743
21 15 0.6457410757192587
21 16 0.5810627335896901
21 17 0.46948648980175034
21 18 0.5327701811932573
21 19 0.4153182994672877
21 20 0.74867543095073
21 22 0.6850146820827817
21 23 0.703622682698888
21 24 0.5664382918612892
21 25 0.5799694649163243
21 26 0.6016939249344905
21 27 0.5844102352049229
21 28 0.6126178346234693
21 29 0.6546030272902803
22 0 0.5174762988222904
22 1 0.5012786503036538
22 2 0.4354190798330084
22 3 0.5866091227390818
22 4 0.5550621353854496
22 5 0.5143757064006512
22 6 0.7104922798347925
22 7 0.7122954833836073
22 8 0.6430804871211613
22 9 0.5398410180318455
22 10 0.35944603296163796
22 11 0.34480256439417495
22 12 0.4510743166918541
22 13 0.6376929390224627
22 14 0.43277114152491736
22 15 0.5850034264362265
22 16 0.5841918298971488
22 17 0.384896228383243
22 18 0.4095045563165962
22 19 0.3979403777851572
22 20 0.6382102538911236
22 21 0.6850146820827817
22 23 0.6671277189784828
22 24 0.43120978830168866
22 25 0.4715155886542257
22 26 0.4594153373502918
22 27 0.5278824539856881
22 28 0.6054778689468547
22 29 0.5414598098660923
23 0 0.6428785819641126
23 1 0.5469886622376517
23 2 0.597263860585984
23 3 0.7078380691389143
23 4 0.6218969074033379
23 5 0.712039851839499
23 6 0.7307857034009927
23 7 0.7267555162541003
23 8 0.7762185607137743
23 9 0.7307764266041318
23 10 0.577041754605809
23 11 0.5226545290447332
23 12 0.6421991955430691
23 13 0.7938868668081287
23 14 0.6266450536178587
23 15 0.6304706318824944
23 16 0.7375886496807048
23 17 0.5837513482369701
23 18 0.5609597534080076
23 19 0.5454026754259659
23 20 0.5445857638806304
23 21 0.703622682698888
23 22 0.6671277189784828
23 24 0.6092073620527828
23 25 0.6343677398444105
23 26 0.6301416254160255
23 27 0.6705801352869405
23 28 0.7273439856672179
23 29 0.6188887380076823
24 0 0.4771417162586751
24 1 0.32746989038791835
24 2 0.596490392714519
24 3 0.5682579811440734
24 4 0.4769168036112639
24 5 0.7616555904899482
24 6 0.5292021472032981
24 7 0.6026741990246074
24 8 0.7320360501656634
24 9 0.8180672335227028
24 10 0.7378978190203586
24 11 0.6824440219932266
24 12 0.7297651943277734
24 13 0.6590109008370764
24 14 0.5168948179273589
24 15 0.561849761403776
24 16 0.6215627329533928
24 17 0.5984244792849425
24 18 0.48346012448660725
24 19 0.4771384368229558
24 20 0.28480653336507594
24 21 0.5664382918612892
24 22 0.43120978830168866
24 23 0.6092073620527828
24 25 0.851607360200093
24 26 0.8360367931139098
24 27 0.6949622426631836
24 28 0.6995327813010104
24 29 0.566667063808781
25 0 0.49223764573983436
25 1 0.35308367319673045
25 2 0.5413631343973541
25 3 0.6102657681741895
25 4 0.48617526432336017
25 5 0.7084970866222386
25 6 0.5978686983017697
25 7 0.6014682338750432
25 8 0.7350399742258925
25 9 0.7879070480822359
25 10 0.6395617543731927
25 11 0.6464602893843765
25 12 0.6676644984824477
25 13 0.6975297612628231
25 14 0.4536558698455926
25 15 0.5110573122871879
25 16 0.6734087531668571
25 17 0.5429219339940473
25 18 0.41433838572712367
25 19 0.4875948986004537
25 20 0.29789896609983013
25 21 0.5799694649163243
25 22 0.4715155886542257
25 23 0.6343677398444105
25 24 0.851607360200093
25 26 0.8735355392850328
25 27 0.7653784705856771
25 28 0.7294617781308848
25 29 0.6290635771526787
26 0 0.5005521989323701
26 1 0.3337915790267417
26 2 0.5655338022133196
26 3 0.6077609546463321
26 4 0.4877750355708478
26 5 0.7297238638353857
26 6 0.5859402219141654
26 7 0.6118705220760661
26 8 0.7638617379914445
26 9 0.8032542981961132
26 10 0.6546123632846242
26 11 0.6918619599604248
26 12 0.6614385463727054
26 13 0.7264607596722632
26 14 0.49992029095090107
26 15 0.5106371288165135
26 16 0.6908440093340137
26 17 0.6081638370767379
26 18 0.43605769974716985
26 19 0.5108111885236553
26 20 0.30139592469949245
26 21 0.6016939249344905
26 22 0.4594153373502918
26 23 0.6301416254160255
26 24 0.8360367931139098
26 25 0.8735355392850328
26 27 0.824102916758477
26 28 0.7436889491696729
26 29 0.6557664579740621
27 0 0.4984706168822082
27 1 0.3685229573992387
27 2 0.5143550451923229
27 3 0.6325299776128517
27 4 0.4980659088615654
27 5 0.6659433090417658
27 6 0.6229163499737436
27 7 0.6041676382940898
27 8 0.7780802792611295
27 9 0.7170721041387914
27 10 0.5583655828196522
27 11 0.5401749775027958
27 12 0.6007791962543502
27 13 0.7913538870946765
27 14 0.5212647064755459
27 15 0.5105025715258263
27 16 0.7384918809020636
27 17 0.569529681541782
27 18 0.43316314534836503
27 19 0.5240772252610038
27 20 0.352480427796872
27 21 0.5844102352049229
27 22 0.5278824539856881
27 23 0.6705801352869405
27 24 0.6949622426631836
27 25 0.7653784705856771
27 26 0.824102916758477
27 28 0.7330013539299204
27 29 0.6648757434796798
28 0 0.6039591661848821
28 1 0.5118124416279307
28 2 0.6869932494883854
28 3 0.7583221320215551
28 4 0.6638303882597771
28 5 0.8120457273012487
28 6 0.7138790301326663
28 7 0.7111789657060507
28 8 0.8158495812466072
28 9 0.8331618762957885
28 10 0.6951976932918237
28 11 0.6520619402352911
28 12 0.7098281003858414
28 13 0.8089695935151558
28 14 0.4583549679431515
28 15 0.49037616741157325
28 16 0.8085792375290339
28 17 0.5586022253193639
28 18 0.3823730167793009
28 19 0.5389956174766402
28 20 0.3486148971664992
28 21 0.6126178346234693
28 22 0.6054778689468547
28 23 0.7273439856672179
28 24 0.6995327813010104
28 25 0.7294617781308848
28 26 0.7436889491696729
28 27 0.7330013539299204
28 29 0.726129042261284
29 0 0.47755860888083806
29 1 0.382047398185013
29 2 0.4962951501184971
29 3 0.6050590203492249
29 4 0.4877747543359625
29 5 0.6044605105023046
29 6 0.5943678749895387
29 7 0.5624185782568002
29 8 0.6667446166095318
29 9 0.6530104717011656
29 10 0.49492155716979463
29 11 0.5002828941544267
29 12 0.5248094008332984
29 13 0.6831028710681942
29 14 0.41571310395131467
29 15 0.4379646770571596
29 16 0.6596807146075889
29 17 0.45667165161487316
29 18 0.3446432932041084
29 19 0.43964765606128364
29 20 0.38473778033894274
29 21 0.6546030272902803
29 22 0.5414598098660923
29 23 0.6188887380076823
29 24 0.566667063808781
29 25 0.6290635771526787
29 26 0.6557664579740621
29 27 0.6648757434796798
29 28 0.726129042261284
